 global Fluc;
Fluc=[0,2,2,2,2,2,2,2;-0.1,-2,-2,-2,-2,-2,-2,-2];
y=WCA([1.4,27,21,15,20,8,12,15]);